20
25
158
289
294
316
437
454
457
475
600
604
613
628
666
784
1256
1310
1552
1597
1731
1823
1853
1876
1912
2038
2071
2098
2131
2191
2463
2471
2528
2606
2705
2794
2911
3037
3054
3128
3134
100672
101005
101093
101738
101891
102399
102672
103112
105359
107492
107933
109629
110697
115470
117142
117196
117259
117924
117995
122342
124238
125080
129615
130574
130932
131389
135553
135682
135694
135723
137887
138972
139007
139620
140127
143270
144471
146314
147143
148124
152225
154749
155487
162306
5023979
5024292